The following objects will be observable at my location during the proper time
Name	RA	Dec	Equinox

Pyxis	 	09 07 57.8   -37 13 17		2000
NGC2298         06 48 59.41  -36 00 19.1	2000
NGC2808         09 12 03.10  -64 51 48.6	2000
NGC3201         10 17 36.82  -46 24 44.9	2000
AM1             03 55 02.3   -49 36 55	        2000
NGC1261         03 12 16.21  -55 12 58.4	2000
NGC1851         05 14 06.76  -40 02 47.6	2000
NGC1904         05 24 11.09  -24 31 29.0	2000
E3              09 20 57.07  -77 16 54.8	2000
Pal3            10 05 31.9   +00 04 18    	2000
Ko1             11 59 18.5   +12 15 36	        2000
NGC4147         12 10 06.30  +18 32 33.5	2000
NGC4372         12 25 45.40  -72 39 32.4	2000
Rup106          12 38 40.2   -51 09 01   	2000
NGC4590         12 39 27.98  -26 44 38.6	2000
NGC4833         12 59 33.92  -70 52 35.4	2000
AM4             13 56 21.7   -27 10 03   	2000